p cnf 20 50
9 -3 16 
4 -16 20 
-4 6 5 
-6 -5 4 
-6 -12 -13 
-19 -16 13 
1 -20 -9 
6 -2 5 
-4 -11 15 
-16 8 10 
-5 2 18
-5 8 3 
-4 -20 -6 
7 -6 20 
-17 2 -3 
-8 -9 -11 
-11 14 2 
20 -15 -10 
19 -20 15 
4 2 -3 
1 14 -19 
-5 -16 13 
9 -18 -12 
-15 10 -8 
9 -17 -14 
-12 1 -4 
-5 3 17 
5 9 10 
15 -9 -11 
-15 -1 -20 
-13 19 -4 
15 -16 -17 
6 5 18 
-8 -12 16 
11 18 9 
15 8 -2 
-2 20 19 
19 -2 13 
-16 -8 18 
14 5 -16 
7 -9 -13 
-4 18 -2 
9 -19 11 
7 -12 9 
-3 -2 -16 
-18 -1 12 
11 -8 7 
13 3 -14 
-10 -6 -16 
18 3 4 
10100010101010111001